        Frequency / GHz                Modal Significance [Mode 1]/real
----------------------------------------------------------------------
                       2                      0.15204538
                   2.001                      0.15261921
                   2.002                      0.15319734
                   2.003                      0.15377981
                   2.004                      0.15434713
                   2.005                      0.15489727
                   2.006                      0.15545129
                   2.007                      0.15600925
                   2.008                      0.15655448
                   2.009                      0.15708528
                    2.01                      0.15761965
                   2.011                      0.15815762
                   2.012                      0.15868589
                   2.013                      0.15920309
                   2.014                      0.15972363
                   2.015                      0.16024754
                   2.016                      0.16076406
                   2.017                      0.16127209
                   2.018                       0.1617833
                   2.019                      0.16229772
                    2.02                       0.1628065
                   2.021                      0.16330877
                   2.022                       0.1638141
                   2.023                      0.16432253
                   2.024                      0.16482668
                   2.025                      0.16532582
                   2.026                      0.16582795
                   2.027                      0.16633309
                   2.028                      0.16683501
                   2.029                      0.16733308
                    2.03                      0.16783409
                   2.031                      0.16833807
                   2.032                      0.16883964
                   2.033                      0.16933828
                   2.034                      0.16983983
                   2.035                      0.17034431
                   2.036                      0.17084705
                   2.037                      0.17134757
                   2.038                      0.17185099
                   2.039                      0.17235734
                    2.04                      0.17286245
                   2.041                      0.17336595
                   2.042                      0.17387233
                   2.043                      0.17438164
                   2.044                      0.17489015
                   2.045                      0.17539751
                   2.046                      0.17590778
                   2.047                      0.17642097
                   2.048                      0.17693373
                   2.049                      0.17744572
                    2.05                      0.17796064
                   2.051                       0.1784785
                   2.052                      0.17899623
                   2.053                      0.17951352
                   2.054                      0.18003377
                   2.055                      0.18055698
                   2.056                      0.18108032
                   2.057                       0.1816035
                   2.058                      0.18212966
                   2.059                      0.18265882
                    2.06                      0.18318833
                   2.061                      0.18371792
                   2.062                      0.18425053
                   2.063                      0.18478618
                   2.064                      0.18532237
                   2.065                      0.18585885
                   2.066                       0.1863984
                   2.067                      0.18694103
                   2.068                      0.18748436
                   2.069                      0.18802818
                    2.07                      0.18857511
                   2.071                      0.18912517
                   2.072                       0.1896761
                   2.073                      0.19022768
                   2.074                      0.19078241
                   2.075                      0.19134033
                   2.076                      0.19189926
                   2.077                      0.19245899
                   2.078                      0.19302194
                   2.079                      0.19358812
                    2.08                      0.19415545
                   2.081                      0.19472372
                   2.082                      0.19529527
                   2.083                      0.19587011
                   2.084                      0.19644622
                   2.085                      0.19702342
                   2.086                      0.19760394
                   2.087                      0.19818783
                   2.088                       0.1987731
                   2.089                      0.19935957
                    2.09                      0.19994945
                   2.091                      0.20054276
                   2.092                      0.20113756
                   2.093                      0.20173369
                   2.094                      0.20233329
                   2.095                      0.20293639
                   2.096                       0.2035411
                   2.097                      0.20414725
                   2.098                      0.20475694
                   2.099                       0.2053702
                     2.1                      0.20598518
                   2.101                      0.20660172
                   2.102                      0.20722188
                   2.103                      0.20784568
                   2.104                      0.20847131
                   2.105                      0.20909861
                   2.106                      0.20972961
                   2.107                      0.21036434
                   2.108                        0.211001
                   2.109                      0.21163943
                    2.11                      0.21228165
                   2.111                      0.21292769
                   2.112                      0.21357576
                   2.113                      0.21422572
                   2.114                      0.21487956
                   2.115                       0.2155373
                   2.116                      0.21619718
                   2.117                      0.21685906
                   2.118                       0.2175249
                   2.119                      0.21819475
                    2.12                      0.21886685
                   2.121                      0.21954105
                   2.122                      0.22021932
                   2.123                      0.22090168
                   2.124                      0.22158641
                   2.125                      0.22227336
                   2.126                      0.22296448
                   2.127                      0.22365979
                   2.128                      0.22435758
                   2.129                      0.22505771
                    2.13                       0.2257621
                   2.131                       0.2264708
                   2.132                       0.2271821
                   2.133                      0.22789585
                   2.134                      0.22861398
                   2.135                      0.22933652
                   2.136                      0.23006179
                   2.137                      0.23078964
                   2.138                      0.23152197
                   2.139                      0.23225884
                    2.14                      0.23299855
                   2.141                      0.23374097
                   2.142                      0.23448801
                   2.143                      0.23523969
                   2.144                      0.23599435
                   2.145                      0.23675185
                   2.146                      0.23751409
                   2.147                      0.23828111
                   2.148                      0.23905124
                   2.149                      0.23982436
                    2.15                      0.24060234
                   2.151                      0.24138523
                   2.152                      0.24217139
                   2.153                      0.24296067
                   2.154                      0.24375496
                   2.155                      0.24455429
                   2.156                      0.24535704
                   2.157                      0.24616308
                   2.158                      0.24697426
                   2.159                      0.24779063
                    2.16                      0.24861058
                   2.161                      0.24943398
                   2.162                      0.25026268
                   2.163                      0.25109671
                   2.164                       0.2519345
                   2.165                      0.25277592
                   2.166                      0.25362279
                   2.167                      0.25447516
                   2.168                      0.25533146
                   2.169                      0.25619159
                    2.17                      0.25705733
                   2.171                      0.25792873
                   2.172                      0.25880426
                   2.173                      0.25968383
                   2.174                      0.26056917
                   2.175                      0.26146035
                   2.176                      0.26235589
                   2.177                      0.26325566
                   2.178                       0.2641614
                   2.179                      0.26507316
                    2.18                      0.26598978
                   2.181                      0.26691119
                   2.182                      0.26783871
                   2.183                      0.26877079
                   2.184                       0.2697091
                   2.185                      0.27065225
                   2.186                      0.27160173
                   2.187                      0.27255548
                   2.188                      0.27351569
                   2.189                       0.2744824
                    2.19                      0.27545567
                   2.191                      0.27643284
                   2.192                      0.27741668
                   2.193                      0.27840725
                   2.194                       0.2794046
                   2.195                      0.28040627
                   2.196                      0.28141483
                   2.197                      0.28243036
                   2.198                      0.28345291
                   2.199                      0.28448024
                     2.2                      0.28551471
                   2.201                       0.2865564
                   2.202                      0.28760535
                   2.203                      0.28865961
                   2.204                      0.28972128
                   2.205                      0.29079042
                   2.206                       0.2918671
                   2.207                      0.29294969
                   2.208                      0.29403996
                   2.209                      0.29513798
                    2.21                      0.29624383
                   2.211                      0.29735627
                   2.212                      0.29847668
                   2.213                      0.29960515
                   2.214                      0.30074175
                   2.215                      0.30188571
                   2.216                      0.30303797
                   2.217                       0.3041986
                   2.218                       0.3053677
                   2.219                      0.30654504
                    2.22                      0.30773103
                   2.221                      0.30892573
                   2.222                      0.31012926
                   2.223                      0.31134205
                   2.224                      0.31256384
                   2.225                      0.31379474
                   2.226                      0.31503485
                   2.227                      0.31628538
                   2.228                      0.31754532
                   2.229                      0.31881477
                    2.23                      0.32009385
                   2.231                       0.3213847
                   2.232                       0.3226854
                   2.233                      0.32399606
                   2.234                       0.3253168
                   2.235                      0.32665087
                   2.236                      0.32799526
                   2.237                      0.32935009
                   2.238                      0.33071552
                   2.239                      0.33209607
                    2.24                      0.33348748
                   2.241                      0.33488985
                   2.242                      0.33630338
                   2.243                      0.33773413
                   2.244                       0.3391763
                   2.245                      0.34063004
                   2.246                      0.34209554
                   2.247                      0.34358067
                   2.248                      0.34507789
                   2.249                      0.34658732
                    2.25                       0.3481092
                   2.251                      0.34965352
                   2.252                      0.35121064
                   2.253                       0.3527807
                   2.254                      0.35436397
                   2.255                      0.35597294
                   2.256                      0.35759551
                   2.257                      0.35923184
                   2.258                      0.36088225
                   2.259                      0.36256209
                    2.26                      0.36425645
                   2.261                      0.36596549
                   2.262                      0.36768958
                   2.263                      0.36944741
                   2.264                      0.37122078
                   2.265                      0.37300988
                   2.266                      0.37481512
                   2.267                      0.37665902
                   2.268                      0.37851962
                   2.269                      0.38039715
                    2.27                      0.38229206
                   2.271                      0.38423118
                   2.272                      0.38618834
                   2.273                      0.38816377
                   2.274                      0.39015801
                   2.275                      0.39220265
                   2.276                      0.39426685
                   2.277                      0.39635086
                   2.278                      0.39845531
                   2.279                      0.40061692
                    2.28                      0.40279984
                   2.281                      0.40500434
                   2.282                      0.40723112
                   2.283                      0.40952232
                   2.284                       0.4118368
                   2.285                      0.41417488
                   2.286                      0.41653734
                   2.287                      0.41897173
                   2.288                      0.42143166
                   2.289                      0.42391747
                    2.29                      0.42643005
                   2.291                      0.42902201
                   2.292                      0.43164206
                   2.293                      0.43429058
                   2.294                      0.43696854
                   2.295                      0.43973288
                   2.296                      0.44252816
                   2.297                      0.44535479
                   2.298                      0.44821383
                   2.299                      0.45116529
                     2.3                      0.45415082
                   2.301                       0.4571709
                   2.302                      0.46022663
                   2.303                      0.46337933
                   2.304                      0.46656951
                   2.305                      0.46979768
                   2.306                        0.473065
                   2.307                      0.47643181
                   2.308                      0.47983972
                   2.309                       0.4832893
                    2.31                      0.48678169
                   2.311                      0.49037367
                   2.312                       0.4940105
                   2.313                      0.49769279
                   2.314                      0.50142167
                   2.315                      0.50524754
                   2.316                      0.50912203
                   2.317                      0.51304579
                   2.318                      0.51701988
                   2.319                      0.52108561
                    2.32                      0.52520361
                   2.321                      0.52937457
                   2.322                      0.53359943
                   2.323                      0.53790793
                   2.324                      0.54227211
                   2.325                      0.54669261
                   2.326                      0.55117025
                   2.327                      0.55572116
                   2.328                      0.56033069
                   2.329                      0.56499945
                    2.33                      0.56972805
                   2.331                      0.57451749
                   2.332                      0.57936788
                   2.333                      0.58427973
                   2.334                      0.58925338
                   2.335                      0.59427377
                   2.336                      0.59935659
                   2.337                      0.60450222
                   2.338                      0.60971067
                   2.339                      0.61495041
                    2.34                      0.62025302
                   2.341                      0.62561869
                   2.342                      0.63104705
                   2.343                      0.63649014
                   2.344                      0.64199533
                   2.345                      0.64756251
                   2.346                      0.65319089
                   2.347                      0.65881657
                   2.348                       0.6645021
                   2.349                      0.67024708
                    2.35                      0.67605017
                   2.351                      0.68183243
                   2.352                      0.68767069
                   2.353                      0.69356413
                   2.354                      0.69951086
                   2.355                      0.70541804
                   2.356                      0.71137558
                   2.357                      0.71738219
                   2.358                      0.72343536
                   2.359                      0.72942985
                    2.36                      0.73546714
                   2.361                      0.74154542
                   2.362                      0.74766157
                   2.363                      0.75369961
                   2.364                      0.75977096
                   2.365                      0.76587324
                   2.366                      0.77200265
                   2.367                      0.77803451
                   2.368                      0.78408825
                   2.369                      0.79016091
                    2.37                      0.79624806
                   2.371                      0.80221846
                   2.372                      0.80819751
                   2.373                      0.81418171
                   2.374                      0.82016602
                   2.375                      0.82601504
                   2.376                      0.83185794
                   2.377                      0.83769071
                   2.378                      0.84350781
                   2.379                       0.8491722
                    2.38                      0.85481453
                   2.381                      0.86043039
                   2.382                      0.86601384
                   2.383                      0.87142882
                   2.384                      0.87680515
                   2.385                      0.88213813
                   2.386                      0.88742159
                   2.387                      0.89252307
                   2.388                      0.89756925
                   2.389                      0.90255528
                    2.39                      0.90747494
                   2.391                        0.912202
                   2.392                      0.91685771
                   2.393                      0.92143722
                   2.394                      0.92593449
                   2.395                      0.93023194
                   2.396                      0.93444325
                   2.397                      0.93856379
                   2.398                      0.94258811
                   2.399                      0.94643482
                     2.4                      0.95018112
                   2.401                      0.95376102
                   2.402                      0.95723562
                   2.403                      0.96060086
                   2.404                      0.96375488
                   2.405                      0.96679732
                   2.406                      0.96972619
                   2.407                      0.97253803
                   2.408                      0.97522947
                   2.409                      0.97779722
                    2.41                      0.98013944
                   2.411                      0.98236097
                   2.412                      0.98446081
                   2.413                      0.98643648
                   2.414                      0.98828562
                   2.415                      0.99000601
                   2.416                      0.99153079
                   2.417                      0.99293297
                   2.418                      0.99421203
                   2.419                       0.9953665
                    2.42                      0.99639507
                   2.421                      0.99729653
                   2.422                      0.99804093
                   2.423                      0.99866622
                   2.424                      0.99917225
                   2.425                      0.99955847
                   2.426                      0.99982447
                   2.427                      0.99996798
                   2.428                      0.99999651
                   2.429                       0.9999117
                    2.43                      0.99971785
                   2.431                      0.99941698
                   2.432                      0.99900848
                   2.433                       0.9985031
                   2.434                      0.99789991
                   2.435                      0.99719596
                   2.436                      0.99639195
                   2.437                      0.99552412
                   2.438                      0.99456493
                   2.439                      0.99351519
                    2.44                      0.99237576
                   2.441                      0.99114758
                   2.442                      0.98983179
                   2.443                      0.98849687
                   2.444                      0.98708419
                   2.445                      0.98559479
                   2.446                      0.98402973
                   2.447                      0.98239014
                   2.448                      0.98067736
                   2.449                      0.97897898
                    2.45                      0.97721623
                   2.451                      0.97539021
                   2.452                      0.97350206
                   2.453                      0.97155293
                   2.454                      0.96954421
                   2.455                      0.96757831
                   2.456                      0.96556043
                   2.457                      0.96349163
                   2.458                      0.96137301
                   2.459                      0.95920565
                    2.46                      0.95699092
                   2.461                      0.95484213
                   2.462                       0.9526523
                   2.463                      0.95042239
                   2.464                      0.94815339
                   2.465                      0.94584629
                   2.466                      0.94350232
                   2.467                      0.94124241
                   2.468                      0.93895077
                   2.469                      0.93662824
                    2.47                      0.93427567
                   2.471                      0.93189391
                   2.472                      0.92948408
                   2.473                       0.9271719
                   2.474                      0.92483569
                   2.475                      0.92247616
                   2.476                      0.92009402
                   2.477                      0.91768999
                   2.478                      0.91526504
                   2.479                      0.91294746
                    2.48                      0.91061206
                   2.481                      0.90825944
                   2.482                      0.90589017
                   2.483                      0.90350483
                   2.484                      0.90110427
                   2.485                       0.8988176
                   2.486                      0.89651803
                   2.487                      0.89420603
                   2.488                      0.89188207
                   2.489                      0.88954661
                    2.49                       0.8872004
                   2.491                      0.88497199
                   2.492                      0.88273451
                   2.493                      0.88048831
                   2.494                      0.87823378
                   2.495                      0.87597127
                   2.496                      0.87370143
                   2.497                      0.87155131
                   2.498                      0.86939502
                   2.499                      0.86723286
                     2.5                       0.8650651
                   2.501                      0.86289205
                   2.502                      0.86071424
                   2.503                      0.85865654
                   2.504                      0.85659486
                   2.505                      0.85452941
                   2.506                      0.85246044
                   2.507                      0.85038814
                   2.508                      0.84831302
                   2.509                      0.84635727
                    2.51                      0.84439914
                   2.511                      0.84243881
                   2.512                      0.84047645
                   2.513                      0.83851222
                   2.514                      0.83654657
                   2.515                      0.83469876
                   2.516                      0.83284974
                   2.517                      0.83099963
                   2.518                      0.82914857
                   2.519                      0.82729668
                    2.52                      0.82544435
                   2.521                      0.82370786
                   2.522                      0.82197095
                   2.523                      0.82023375
                   2.524                      0.81849633
                   2.525                      0.81675881
                   2.526                      0.81502152
                   2.527                      0.81339777
                   2.528                      0.81177416
                   2.529                      0.81015078
                    2.53                      0.80852768
                   2.531                      0.80690495
                   2.532                      0.80528291
                   2.533                        0.803772
                   2.534                      0.80226159
                   2.535                      0.80075173
                   2.536                      0.79924248
                   2.537                      0.79773388
                   2.538                      0.79622624
                   2.539                      0.79482741
                    2.54                      0.79342928
                   2.541                      0.79203189
                   2.542                      0.79063528
                   2.543                      0.78923949
                   2.544                       0.7878448
                   2.545                      0.78655678
                   2.546                      0.78526956
                   2.547                      0.78398317
                   2.548                      0.78269763
                   2.549                      0.78141298
                    2.55                      0.78012947
                   2.551                      0.77895084
                   2.552                      0.77777303
                   2.553                      0.77659605
                   2.554                      0.77541993
                   2.555                      0.77424469
                   2.556                      0.77307058
                   2.557                      0.77200002
                   2.558                      0.77093024
                   2.559                      0.76986126
                    2.56                      0.76879308
                   2.561                      0.76772573
                   2.562                      0.76665944
                   2.563                      0.76569602
                   2.564                       0.7647333
                   2.565                       0.7637713
                   2.566                      0.76281003
                   2.567                      0.76184949
                   2.568                      0.76088993
                   2.569                      0.76003338
                    2.57                      0.75917744
                   2.571                      0.75832211
                   2.572                      0.75746741
                   2.573                      0.75661333
                   2.574                      0.75576013
                   2.575                      0.75501124
                   2.576                      0.75426284
                   2.577                      0.75351495
                   2.578                      0.75276756
                   2.579                      0.75202069
                    2.58                      0.75127458
                   2.581                      0.75063579
                   2.582                      0.74999738
                   2.583                      0.74935935
                   2.584                      0.74872172
                   2.585                      0.74808448
                   2.586                      0.74744789
                   2.587                      0.74692463
                   2.588                      0.74640164
                   2.589                      0.74587892
                    2.59                      0.74535647
                   2.591                       0.7448343
                   2.592                       0.7443127
                   2.593                      0.74391679
                   2.594                      0.74352105
                   2.595                      0.74312547
                   2.596                      0.74273004
                   2.597                      0.74233478
                   2.598                      0.74194003
                   2.599                       0.7416943
                     2.6                      0.74144863
                   2.601                      0.74120302
                   2.602                      0.74095747
                   2.603                      0.74071199
                   2.604                      0.74046694
                   2.605                      0.74038005
                   2.606                      0.74029316
                   2.607                      0.74020628
                   2.608                      0.74011941
                   2.609                      0.74003255
                    2.61                      0.73994593
                   2.611                       0.7399626
                   2.612                      0.73997926
                   2.613                      0.73999592
                   2.614                      0.74001258
                   2.615                      0.74002925
                   2.616                      0.74004601
                   2.617                      0.74010622
                   2.618                      0.74016643
                   2.619                      0.74022665
                    2.62                      0.74028686
                   2.621                      0.74034709
                   2.622                      0.74040735
                   2.623                      0.74048502
                   2.624                       0.7405627
                   2.625                      0.74064038
                   2.626                      0.74071807
                   2.627                      0.74079577
                   2.628                      0.74087349
                   2.629                      0.74095912
                    2.63                      0.74104476
                   2.631                       0.7411304
                   2.632                      0.74121606
                   2.633                      0.74130172
                   2.634                       0.7413874
                   2.635                      0.74147715
                   2.636                       0.7415669
                   2.637                      0.74165667
                   2.638                      0.74174644
                   2.639                      0.74183623
                    2.64                      0.74192602
                   2.641                      0.74201811
                   2.642                      0.74211021
                   2.643                      0.74220232
                   2.644                      0.74229444
                   2.645                      0.74238656
                   2.646                       0.7424787
                   2.647                      0.74257221
                   2.648                      0.74266573
                   2.649                      0.74275926
                    2.65                      0.74285279
                   2.651                      0.74294634
                   2.652                       0.7430399
                   2.653                      0.74313431
                   2.654                      0.74322873
                   2.655                      0.74332315
                   2.656                      0.74341759
                   2.657                      0.74351204
                   2.658                       0.7436065
                   2.659                      0.74370149
                    2.66                       0.7437965
                   2.661                      0.74389151
                   2.662                      0.74398653
                   2.663                      0.74408157
                   2.664                      0.74417661
                   2.665                      0.74427199
                   2.666                      0.74436737
                   2.667                      0.74446277
                   2.668                      0.74455818
                   2.669                      0.74465359
                    2.67                      0.74474902
                   2.671                      0.74484464
                   2.672                      0.74494028
                   2.673                      0.74503592
                   2.674                      0.74513157
                   2.675                      0.74522723
                   2.676                      0.74532291
                   2.677                      0.74541868
                   2.678                      0.74551447
                   2.679                      0.74561026
                    2.68                      0.74570607
                   2.681                      0.74580188
                   2.682                       0.7458977
                   2.683                      0.74599356
                   2.684                      0.74608942
                   2.685                       0.7461853
                   2.686                      0.74628118
                   2.687                      0.74637708
                   2.688                      0.74647298
                   2.689                      0.74656886
                    2.69                      0.74666476
                   2.691                      0.74676066
                   2.692                      0.74685657
                   2.693                      0.74695249
                   2.694                      0.74704842
                   2.695                      0.74714429
                   2.696                      0.74724016
                   2.697                      0.74733605
                   2.698                      0.74743195
                   2.699                      0.74752785
                     2.7                      0.74762376
                   2.701                      0.74771958
                   2.702                       0.7478154
                   2.703                      0.74791124
                   2.704                      0.74800708
                   2.705                      0.74810293
                   2.706                      0.74819879
                   2.707                      0.74829452
                   2.708                      0.74839026
                   2.709                      0.74848601
                    2.71                      0.74858177
                   2.711                      0.74867753
                   2.712                      0.74877331
                   2.713                      0.74886892
                   2.714                      0.74896454
                   2.715                      0.74906018
                   2.716                      0.74915582
                   2.717                      0.74925147
                   2.718                      0.74934712
                   2.719                      0.74944259
                    2.72                      0.74953806
                   2.721                      0.74963354
                   2.722                      0.74972903
                   2.723                      0.74982453
                   2.724                      0.74992003
                   2.725                      0.75001531
                   2.726                      0.75011059
                   2.727                      0.75020589
                   2.728                      0.75030119
                   2.729                       0.7503965
                    2.73                      0.75049182
                   2.731                      0.75058686
                   2.732                      0.75068191
                   2.733                      0.75077697
                   2.734                      0.75087203
                   2.735                      0.75096711
                   2.736                      0.75106219
                   2.737                      0.75115694
                   2.738                      0.75125169
                   2.739                      0.75134646
                    2.74                      0.75144123
                   2.741                      0.75153601
                   2.742                      0.75163079
                   2.743                      0.75172516
                   2.744                      0.75181953
                   2.745                      0.75191392
                   2.746                      0.75200831
                   2.747                       0.7521027
                   2.748                      0.75219711
                   2.749                      0.75229096
                    2.75                      0.75238483
                   2.751                       0.7524787
                   2.752                      0.75257258
                   2.753                      0.75266647
                   2.754                      0.75276037
                   2.755                      0.75285351
                   2.756                      0.75294666
                   2.757                      0.75303981
                   2.758                      0.75313298
                   2.759                      0.75322615
                    2.76                      0.75331933
                   2.761                       0.7534114
                   2.762                      0.75350348
                   2.763                      0.75359557
                   2.764                      0.75368766
                   2.765                      0.75377976
                   2.766                      0.75387187
                   2.767                      0.75396219
                   2.768                      0.75405253
                   2.769                      0.75414286
                    2.77                      0.75423321
                   2.771                      0.75432356
                   2.772                      0.75441392
                   2.773                      0.75450102
                   2.774                      0.75458814
                   2.775                      0.75467526
                   2.776                      0.75476238
                   2.777                      0.75484952
                   2.778                      0.75493664
                   2.779                      0.75501668
                    2.78                      0.75509673
                   2.781                      0.75517678
                   2.782                      0.75525683
                   2.783                       0.7553369
                   2.784                      0.75541692
                   2.785                      0.75547645
                   2.786                      0.75553598
                   2.787                      0.75559551
                   2.788                      0.75565505
                   2.789                      0.75571459
                    2.79                      0.75577393
                   2.791                      0.75574933
                   2.792                      0.75572473
                   2.793                      0.75570012
                   2.794                      0.75567552
                   2.795                      0.75565092
                   2.796                      0.75562594
                   2.797                      0.75544058
                   2.798                      0.75525525
                   2.799                      0.75506995
                     2.8                      0.75488468
                   2.801                      0.75469944
                   2.802                      0.75451459
                   2.803                      0.75447817
                   2.804                      0.75444175
                   2.805                      0.75440533
                   2.806                      0.75436891
                   2.807                       0.7543325
                   2.808                      0.75429633
                   2.809                      0.75436526
                    2.81                      0.75443419
                   2.811                      0.75450313
                   2.812                      0.75457207
                   2.813                      0.75464102
                   2.814                      0.75470999
                   2.815                      0.75478843
                   2.816                      0.75486687
                   2.817                      0.75494532
                   2.818                      0.75502377
                   2.819                      0.75510223
                    2.82                      0.75518069
                   2.821                      0.75525879
                   2.822                      0.75533689
                   2.823                        0.755415
                   2.824                      0.75549311
                   2.825                      0.75557123
                   2.826                      0.75564935
                   2.827                       0.7557244
                   2.828                      0.75579945
                   2.829                      0.75587451
                    2.83                      0.75594958
                   2.831                      0.75602465
                   2.832                      0.75609971
                   2.833                      0.75616968
                   2.834                      0.75623965
                   2.835                      0.75630963
                   2.836                      0.75637961
                   2.837                       0.7564496
                   2.838                      0.75651957
                   2.839                        0.756582
                    2.84                      0.75664443
                   2.841                      0.75670686
                   2.842                       0.7567693
                   2.843                      0.75683174
                   2.844                      0.75689416
                   2.845                      0.75694565
                   2.846                      0.75699713
                   2.847                      0.75704862
                   2.848                      0.75710011
                   2.849                       0.7571516
                    2.85                      0.75720306
                   2.851                      0.75723897
                   2.852                      0.75727488
                   2.853                      0.75731079
                   2.854                       0.7573467
                   2.855                      0.75738262
                   2.856                      0.75741848
                   2.857                      0.75743356
                   2.858                      0.75744863
                   2.859                      0.75746371
                    2.86                      0.75747878
                   2.861                      0.75749386
                   2.862                      0.75750887
                   2.863                      0.75750016
                   2.864                      0.75749146
                   2.865                      0.75748275
                   2.866                      0.75747404
                   2.867                      0.75746533
                   2.868                      0.75745658
                   2.869                      0.75742997
                    2.87                      0.75740336
                   2.871                      0.75737675
                   2.872                      0.75735014
                   2.873                      0.75732353
                   2.874                      0.75729696
                   2.875                      0.75728562
                   2.876                      0.75727429
                   2.877                      0.75726296
                   2.878                      0.75725162
                   2.879                      0.75724029
                    2.88                      0.75722913
                   2.881                      0.75728872
                   2.882                      0.75734831
                   2.883                      0.75740791
                   2.884                      0.75746752
                   2.885                      0.75752712
                   2.886                      0.75758679
                   2.887                      0.75767131
                   2.888                      0.75775584
                   2.889                      0.75784037
                    2.89                      0.75792491
                   2.891                      0.75800946
                   2.892                      0.75809402
                   2.893                      0.75818297
                   2.894                      0.75827193
                   2.895                      0.75836089
                   2.896                      0.75844985
                   2.897                      0.75853883
                   2.898                      0.75862781
                   2.899                      0.75871826
                     2.9                      0.75880872
                   2.901                      0.75889918
                   2.902                      0.75898965
                   2.903                      0.75908013
                   2.904                      0.75917061
                   2.905                       0.7592618
                   2.906                      0.75935298
                   2.907                      0.75944418
                   2.908                      0.75953538
                   2.909                      0.75962659
                    2.91                      0.75971781
                   2.911                      0.75980941
                   2.912                      0.75990102
                   2.913                      0.75999263
                   2.914                      0.76008426
                   2.915                      0.76017589
                   2.916                      0.76026752
                   2.917                      0.76035938
                   2.918                      0.76045124
                   2.919                      0.76054311
                    2.92                      0.76063498
                   2.921                      0.76072687
                   2.922                      0.76081876
                   2.923                      0.76091076
                   2.924                      0.76100277
                   2.925                      0.76109479
                   2.926                      0.76118682
                   2.927                      0.76127885
                   2.928                      0.76137089
                   2.929                      0.76146297
                    2.93                      0.76155506
                   2.931                      0.76164715
                   2.932                      0.76173925
                   2.933                      0.76183136
                   2.934                      0.76192347
                   2.935                      0.76201557
                   2.936                      0.76210767
                   2.937                      0.76219978
                   2.938                       0.7622919
                   2.939                      0.76238402
                    2.94                      0.76247615
                   2.941                      0.76256822
                   2.942                      0.76266029
                   2.943                      0.76275237
                   2.944                      0.76284446
                   2.945                      0.76293655
                   2.946                      0.76302865
                   2.947                      0.76312064
                   2.948                      0.76321265
                   2.949                      0.76330465
                    2.95                      0.76339667
                   2.951                      0.76348869
                   2.952                      0.76358072
                   2.953                       0.7636726
                   2.954                      0.76376449
                   2.955                      0.76385639
                   2.956                      0.76394829
                   2.957                       0.7640402
                   2.958                      0.76413212
                   2.959                      0.76422385
                    2.96                       0.7643156
                   2.961                      0.76440735
                   2.962                      0.76449911
                   2.963                      0.76459087
                   2.964                      0.76468264
                   2.965                      0.76477419
                   2.966                      0.76486575
                   2.967                      0.76495732
                   2.968                       0.7650489
                   2.969                      0.76514048
                    2.97                      0.76523206
                   2.971                       0.7653234
                   2.972                      0.76541474
                   2.973                      0.76550609
                   2.974                      0.76559745
                   2.975                      0.76568881
                   2.976                      0.76578018
                   2.977                      0.76587126
                   2.978                      0.76596234
                   2.979                      0.76605344
                    2.98                      0.76614454
                   2.981                      0.76623564
                   2.982                      0.76632675
                   2.983                      0.76641753
                   2.984                      0.76650832
                   2.985                      0.76659912
                   2.986                      0.76668992
                   2.987                      0.76678072
                   2.988                      0.76687153
                   2.989                      0.76696197
                    2.99                      0.76705242
                   2.991                      0.76714287
                   2.992                      0.76723333
                   2.993                      0.76732379
                   2.994                      0.76741426
                   2.995                       0.7675043
                   2.996                      0.76759435
                   2.997                      0.76768441
                   2.998                      0.76777447
                   2.999                      0.76786454
                       3                      0.76795461

